| | | | # Quicksort | | | |
15, 4, 5, 3, 20, 10, 4, 13, 12, 20
4, 5, 3, 10, 4, 13, 12, 15, 20, 20
3, 4, 4, 5, 10, 13, 12, 15, 20, 20
3, 4, 4, 5, 10, 12, 13, 15, 20, 20

4, 1, 19, 16, 20, 14, 5, 1, 13, 17
1, 1, 4, 19, 16, 20, 14, 5, 13, 17
1, 1, 4, 16, 14, 5, 13, 17, 19, 20
1, 1, 4, 14, 5, 13, 16, 17, 19, 20
1, 1, 4, 5, 13, 14, 16, 17, 19, 20

12, 9, 9, 5, 0, 10, 14, 18, 11, 4
9, 9, 5, 0, 10, 11, 4, 12, 14, 18
5, 0, 4, 9, 9, 10, 11, 12, 14, 18
0, 4, 5, 9, 9, 10, 11, 12, 14, 18
- - - - - - - - - - - - - - - - - 
pattern: leftmost item finds its rightful place during pivot, and is then fixed

| | | | # Mergesort | | | |
3, 8, 2, 5, 11, 0, 16, 1, 9, 14
3, 8, 2, 5, 0, 11, 1, 16, 9, 14
2, 3, 5, 8, 9, 14, 0, 1, 11, 16
0, 1, 2, 3, 5, 8, 9, 11, 14, 16

| | | | # Selection Sort | | | |
0, 17, 1, 2, 13, 19, 6, 7, 15, 20
0, 1, 17, 2, 13, 19, 6, 7, 15, 20
0, 1, 2, 17, 13, 19, 6, 7, 15, 20
0, 1, 2, 6, 17, 13, 19, 7, 15, 20
0, 1, 2, 6, 7, 17, 13, 19, 15, 20
0, 1, 2, 6, 7, 13, 17, 19, 15, 20
0, 1, 2, 6, 7, 13, 15, 17, 19, 20
0, 1, 2, 6, 7, 13, 15, 17, 19, 20
0, 1, 2, 6, 7, 13, 15, 17, 19, 20
0, 1, 2, 6, 7, 13, 15, 17, 19, 20
- - - - - - - - - - - - - - - - - 
pattern: min is the first thing to be found, so left values never change order,
as opposed to insertion sort where new minimums can be found

| | | | # Insertion Sort | | | |
18, 7, 16, 8, 4, 20, 8, 13, 20, 18
7, 18, 16, 8, 4, 20, 8, 13, 20, 18
7, 16, 18, 8, 4, 20, 8, 13, 20, 18
7, 8, 16, 18, 4, 20, 8, 13, 20, 18
4, 7, 8, 16, 18, 20, 8, 13, 20, 18
4, 7, 8, 16, 18, 20, 8, 13, 20, 18
4, 7, 8, 8, 16, 18, 20, 13, 20, 18
4, 7, 8, 8, 13, 16, 18, 20, 20, 18
4, 7, 8, 8, 13, 16, 18, 20, 20, 18
4, 7, 8, 8, 13, 16, 18, 18, 20, 20

| | | | # LSD Radix Sort | | | |
170, 45, 75, 90, 802, 2, 24, 66
802, 2, 24, 45, 66, 170, 75, 90
2, 24, 45, 66, 75, 90, 170, 802

147, 157, 48, 360, 13, 199, 46, 196, 95, 356
360, 13, 95, 46, 196, 356, 147, 157, 48, 199
13, 46, 147, 48, 356, 157, 360, 95, 196, 199
13, 46, 48, 95, 147, 157, 196, 199, 356, 360
- - - - - - - - - - - - - - - - - 
pattern: low values appear later, whereas with MST they appear first


| | | | # MSD Radix Sort | | | |
252, 299, 150, 149, 49, 130, 232, 313, 209, 255
49, 150, 149, 130, 252, 299, 232, 209, 255, 313
49, 130, 149, 150, 209, 232, 252, 255, 299, 313

688, 974, 444, 1703, 131, 424, 1564, 1147, 1973, 529
688, 974, 444, 131, 424, 529, 1564, 1147, 1703, 1973
131, 444, 424, 529, 688, 974, 1147, 1564, 1703, 1973
131, 424, 444, 529, 688, 974, 1147, 1564, 1703, 1973

